33
33
33
32
33
34
33
33
32
33
33
33
33
34
33
32
33
33
33
33
33
33
33
33
33
33
33
34
34
34
34
34
34
34
34
34
34
34
34
34
34
34
34
34
34
34
34
35
35
35
35
35
35
35
35
35
35
35
35
35
35
35
34
35
35
35
35
35
35
35
36
36
36
36
36
36
36
36
36
36
36
36
36
36
36
36
37
37
37
37
37
37
37
37
37
37
37
37
37
37
37
37
37
37
37
38
37
37
37
38
38
38
38
38
38
38
38
38
38
38
38
38
38
38
38
38
38
38
39
39
39
39
39
39
39
39
40
39
39
38
39
39
39
39
39
39
39
39
39
39
40
39
40
38
40
40
40
40
38
40
39
40
40
40
40
40
40
41
40
40
40
40
40
40
40
39
40
40
40
40
39
40
40
40
40
41
40
40
40
40
39
40
40
41
40
40
39
39
39
38
39
39
39
40
39
38
39
39
39
39
40
39
39
38
39
39
39
40
39
39
39
38
39
39
39
39
39
37
38
39
39
39
39
40
39
39
37
38
39
39
39
39
39
40
38
39
39
39
40
39
38
39
39
39
40
39
38
39
39
39
39
39
39
39
39
39
39
39
39
39
39
40
40
40
40
40
40
40
40
40
40
40
40
40
40
40
40
41
41
41
41
41
41
41
41
41
41
41
41
41
41
41
41
41
41
42
42
42
42
42
42
42
42
42
43
42
42
42
42
42
42
42
41
42
42